=================================================
StableMIL with Aircraft_ForbiddenCity and tau = 0.25
0.7992, 0.8070, 0.0000; 0.8659, 0.8690, 0.0000; 0.7576, 0.7600, 0.0000;
 0.7927, 0.8070, 0.0000; 0.8785, 0.8800, 0.0000; 0.7563, 0.7570, 0.0000;
 0.7872, 0.8000, 0.0000; 0.8704, 0.8740, 0.0000; 0.7607, 0.7660, 0.0000;
 0.7667, 0.7760, 0.0000; 0.8604, 0.8650, 0.0000; 0.7523, 0.7550, 0.0000;
 0.7966, 0.8080, 0.0000; 0.8682, 0.8700, 0.0000; 0.7377, 0.7440, 0.0000;
 0.7823, 0.7930, 0.0000; 0.8624, 0.8660, 0.0000; 0.7572, 0.7570, 0.0000;
 0.8079, 0.8160, 0.0000; 0.8683, 0.8720, 0.0000; 0.7550, 0.7540, 0.0000;
 0.7949, 0.8060, 0.0000; 0.8612, 0.8640, 0.0000; 0.7597, 0.7590, 0.0000;
 0.7621, 0.7790, 0.0000; 0.8612, 0.8640, 0.0000; 0.7527, 0.7510, 0.0000;
 0.7950, 0.8050, 0.0000; 0.8770, 0.8800, 0.0000; 0.7704, 0.7670, 0.0000;
 knn-f1 std   knn-acc std   knn-roc std   svm-f1 std    svm-acc std   svm-roc std   j48-f1 std    j48-acc std   j48-roc std
0.7885 0.0137 0.7997 0.0124 0.0000 0.0000 0.8674 0.0062 0.8704 0.0058 0.0000 0.0000 0.7560 0.0078 0.7570 0.0064 0.0000 0.0000 5244.2483
=================================================
StableMIL with Beach_Chicken and tau = 0.25
0.8932, 0.8950, 0.0000; 0.9232, 0.9230, 0.0000; 0.8503, 0.8490, 0.0000;
 0.8691, 0.8720, 0.0000; 0.9143, 0.9140, 0.0000; 0.8193, 0.8170, 0.0000;
 0.8791, 0.8790, 0.0000; 0.9203, 0.9200, 0.0000; 0.8220, 0.8220, 0.0000;
 0.8780, 0.8780, 0.0000; 0.9163, 0.9160, 0.0000; 0.8385, 0.8390, 0.0000;
 0.8889, 0.8910, 0.0000; 0.9226, 0.9220, 0.0000; 0.8413, 0.8430, 0.0000;
 0.8795, 0.8800, 0.0000; 0.9205, 0.9200, 0.0000; 0.8108, 0.8110, 0.0000;
 0.8918, 0.8940, 0.0000; 0.9252, 0.9250, 0.0000; 0.8468, 0.8480, 0.0000;
 0.8772, 0.8790, 0.0000; 0.9093, 0.9090, 0.0000; 0.8352, 0.8370, 0.0000;
 0.8806, 0.8810, 0.0000; 0.9208, 0.9200, 0.0000; 0.8115, 0.8100, 0.0000;
 0.8862, 0.8870, 0.0000; 0.9192, 0.9190, 0.0000; 0.7940, 0.7950, 0.0000;
 knn-f1 std   knn-acc std   knn-roc std   svm-f1 std    svm-acc std   svm-roc std   j48-f1 std    j48-acc std   j48-roc std
0.8824 0.0071 0.8836 0.0073 0.0000 0.0000 0.9192 0.0045 0.9188 0.0044 0.0000 0.0000 0.8270 0.0174 0.8271 0.0177 0.0000 0.0000 5121.0982
=================================================
StableMIL with Beetle_Horse and tau = 0.25
0.8043, 0.8160, 0.0000; 0.8557, 0.8570, 0.0000; 0.7616, 0.7640, 0.0000;
 0.8254, 0.8320, 0.0000; 0.8548, 0.8570, 0.0000; 0.7485, 0.7480, 0.0000;
 0.8186, 0.8280, 0.0000; 0.8600, 0.8610, 0.0000; 0.7714, 0.7700, 0.0000;
 0.8242, 0.8340, 0.0000; 0.8577, 0.8590, 0.0000; 0.7677, 0.7700, 0.0000;
 0.8251, 0.8330, 0.0000; 0.8609, 0.8620, 0.0000; 0.7803, 0.7770, 0.0000;
 0.8297, 0.8370, 0.0000; 0.8625, 0.8620, 0.0000; 0.7912, 0.7910, 0.0000;
 0.8392, 0.8440, 0.0000; 0.8649, 0.8660, 0.0000; 0.7766, 0.7750, 0.0000;
 0.8159, 0.8240, 0.0000; 0.8504, 0.8540, 0.0000; 0.7610, 0.7670, 0.0000;
 0.8143, 0.8240, 0.0000; 0.8614, 0.8620, 0.0000; 0.7634, 0.7620, 0.0000;
 0.8164, 0.8250, 0.0000; 0.8586, 0.8610, 0.0000; 0.7399, 0.7420, 0.0000;
 knn-f1 std   knn-acc std   knn-roc std   svm-f1 std    svm-acc std   svm-roc std   j48-f1 std    j48-acc std   j48-roc std
0.8213 0.0091 0.8297 0.0076 0.0000 0.0000 0.8587 0.0040 0.8601 0.0032 0.0000 0.0000 0.7662 0.0142 0.7666 0.0133 0.0000 0.0000 7336.5969
=================================================
StableMIL with Church_SnowMountain and tau = 0.25
0.7202, 0.7420, 0.0000; 0.8147, 0.8190, 0.0000; 0.7065, 0.7100, 0.0000;
 0.7434, 0.7660, 0.0000; 0.8496, 0.8510, 0.0000; 0.7110, 0.7220, 0.0000;
 0.7334, 0.7630, 0.0000; 0.8476, 0.8490, 0.0000; 0.7177, 0.7160, 0.0000;
 0.7301, 0.7560, 0.0000; 0.8087, 0.8150, 0.0000; 0.6761, 0.6780, 0.0000;
 0.7383, 0.7660, 0.0000; 0.8444, 0.8460, 0.0000; 0.7557, 0.7550, 0.0000;
 0.7370, 0.7630, 0.0000; 0.8371, 0.8400, 0.0000; 0.7146, 0.7140, 0.0000;
 0.7584, 0.7770, 0.0000; 0.8381, 0.8400, 0.0000; 0.7532, 0.7470, 0.0000;
 0.7313, 0.7590, 0.0000; 0.8487, 0.8510, 0.0000; 0.7237, 0.7350, 0.0000;
 	0.7492, 0.7730, 0.0000; 0.8320, 0.8360, 0.0000; 0.7287, 0.7320, 0.0000;
 0.7595, 0.7790, 0.0000; 0.8511, 0.8520, 0.0000; 0.7470, 0.7460, 0.0000;
 knn-f1 std   knn-acc std   knn-roc std   svm-f1 std    svm-acc std   svm-roc std   j48-f1 std    j48-acc std   j48-roc std
0.7401 0.0120 0.7644 0.0103 0.0000 0.0000 0.8372 0.0141 0.8399 0.0126 0.0000 0.0000 0.7234 0.0230 0.7255 0.0215 0.0000 0.0000 7048.2456
=================================================
StableMIL with Dragonfly_Butterfly and tau = 0.25
0.9291, 0.9300, 0.0000; 0.9393, 0.9380, 0.0000; 0.9022, 0.9020, 0.0000;
 0.9246, 0.9250, 0.0000; 0.9403, 0.9390, 0.0000; 0.9165, 0.9160, 0.0000;
 0.9329, 0.9330, 0.0000; 0.9401, 0.9390, 0.0000; 0.8994, 0.9000, 0.0000;
 0.9315, 0.9320, 0.0000; 0.9401, 0.9390, 0.0000; 0.9172, 0.9180, 0.0000;
 0.9188, 0.9190, 0.0000; 0.9393, 0.9380, 0.0000; 0.9041, 0.9050, 0.0000;
 0.9293, 0.9300, 0.0000; 0.9458, 0.9450, 0.0000; 0.8812, 0.8830, 0.0000;
 0.9274, 0.9280, 0.0000; 0.9448, 0.9440, 0.0000; 0.9139, 0.9150, 0.0000;
 0.9316, 0.9320, 0.0000; 0.9374, 0.9360, 0.0000; 0.8851, 0.8850, 0.0000;
 0.9315, 0.9320, 0.0000; 0.9383, 0.9370, 0.0000; 0.8979, 0.8990, 0.0000;
 0.9256, 0.9260, 0.0000; 0.9392, 0.9380, 0.0000; 0.8988, 0.8980, 0.0000;
 knn-f1 std   knn-acc std   knn-roc std   svm-f1 std    svm-acc std   svm-roc std   j48-f1 std    j48-acc std   j48-roc std
0.9282 0.0041 0.9287 0.0041 0.0000 0.0000 0.9405 0.0026 0.9393 0.0028 0.0000 0.0000 0.9016 0.0116 0.9021 0.0114 0.0000 0.0000 7396.8026
StableMIL with Field_Sailing and tau = 0.25
0.8851, 0.8840, 0.0000; 0.9327, 0.9310, 0.0000; 0.8896, 0.8900, 0.0000;
 0.8928, 0.8910, 0.0000; 0.9315, 0.9300, 0.0000; 0.8818, 0.8810, 0.0000;
 0.9141, 0.9120, 0.0000; 0.9213, 0.9190, 0.0000; 0.8677, 0.8680, 0.0000;
 0.9078, 0.9060, 0.0000; 0.9276, 0.9260, 0.0000; 0.8663, 0.8660, 0.0000;
 0.8974, 0.8950, 0.0000; 0.9275, 0.9260, 0.0000; 0.8766, 0.8750, 0.0000;
 0.9062, 0.9060, 0.0000; 0.9243, 0.9230, 0.0000; 0.8531, 0.8540, 0.0000;
 0.9001, 0.8970, 0.0000; 0.9318, 0.9300, 0.0000; 0.8728, 0.8720, 0.0000;
 0.8957, 0.8940, 0.0000; 0.9271, 0.9250, 0.0000; 0.8632, 0.8640, 0.0000;
 0.9254, 0.9250, 0.0000; 0.9682, 0.9680, 0.0000; 0.9274, 0.9280, 0.0000;
 0.8989, 0.8970, 0.0000; 0.9282, 0.9270, 0.0000; 0.8483, 0.8480, 0.0000;
 knn-f1 std   knn-acc std   knn-roc std   svm-f1 std    svm-acc std   svm-roc std   j48-f1 std    j48-acc std   j48-roc std
0.9023 0.0109 0.9007 0.0112 0.0000 0.0000 0.9320 0.0125 0.9305 0.0130 0.0000 0.0000 0.8747 0.0211 0.8746 0.0212 0.0000 0.0000 7187.1166
=================================================
StableMIL with Fireworks_Dusk and tau = 0.25
0.8954, 0.9000, 0.0000; 0.9286, 0.9290, 0.0000; 0.8482, 0.8500, 0.0000;
 0.8861, 0.8920, 0.0000; 0.9380, 0.9380, 0.0000; 0.8401, 0.8390, 0.0000;
 0.9023, 0.9060, 0.0000; 0.9384, 0.9390, 0.0000; 0.8493, 0.8470, 0.0000;
 0.8989, 0.9030, 0.0000; 0.9317, 0.9320, 0.0000; 0.8337, 0.8340, 0.0000;
 0.8991, 0.9030, 0.0000; 0.9348, 0.9350, 0.0000; 0.8466, 0.8460, 0.0000;
 0.9062, 0.9100, 0.0000; 0.9408, 0.9410, 0.0000; 0.8377, 0.8400, 0.0000;
 0.9009, 0.9050, 0.0000; 0.9317, 0.9320, 0.0000; 0.8679, 0.8700, 0.0000;
 0.8972, 0.9010, 0.0000; 0.9440, 0.9440, 0.0000; 0.8327, 0.8360, 0.0000;
 0.8887, 0.8940, 0.0000; 0.9307, 0.9310, 0.0000; 0.8588, 0.8580, 0.0000;
 0.8943, 0.9000, 0.0000; 0.9359, 0.9360, 0.0000; 0.8534, 0.8550, 0.0000;
 knn-f1 std   knn-acc std   knn-roc std   svm-f1 std    svm-acc std   svm-roc std   j48-f1 std    j48-acc std   j48-roc std
0.8969 0.0058 0.9014 0.0051 0.0000 0.0000 0.9355 0.0046 0.9357 0.0046 0.0000 0.0000 0.8468 0.0107 0.8475 0.0106 0.0000 0.0000 7516.3054
=================================================
StableMIL with GreatWall_Car and tau = 0.25
0.7380, 0.7550, 0.0000; 0.8340, 0.8360, 0.0000; 0.7037, 0.7010, 0.0000;
 0.7354, 0.7560, 0.0000; 0.8495, 0.8490, 0.0000; 0.7341, 0.7370, 0.0000;
 0.7253, 0.7470, 0.0000; 0.8286, 0.8300, 0.0000; 0.7068, 0.7130, 0.0000;
 0.7648, 0.7780, 0.0000; 0.8475, 0.8470, 0.0000; 0.7188, 0.7230, 0.0000;
 0.7457, 0.7620, 0.0000; 0.8300, 0.8320, 0.0000; 0.7362, 0.7420, 0.0000;
 0.7524, 0.7670, 0.0000; 0.8420, 0.8420, 0.0000; 0.7606, 0.7620, 0.0000;
 0.7587, 0.7710, 0.0000; 0.8430, 0.8450, 0.0000; 0.7448, 0.7430, 0.0000;
 0.7378, 0.7520, 0.0000; 0.8357, 0.8360, 0.0000; 0.6992, 0.7040, 0.0000;
 0.7798, 0.7950, 0.0000; 0.8502, 0.8530, 0.0000; 0.7485, 0.7480, 0.0000;
 0.7543, 0.7720, 0.0000; 0.8455, 0.8450, 0.0000; 0.7331, 0.7320, 0.0000;
 knn-f1 std   knn-acc std   knn-roc std   svm-f1 std    svm-acc std   svm-roc std   j48-f1 std    j48-acc std   j48-roc std
0.7492 0.0153 0.7655 0.0136 0.0000 0.0000 0.8406 0.0076 0.8415 0.0073 0.0000 0.0000 0.7286 0.0196 0.7305 0.0189 0.0000 0.0000 17615.6149
StableMIL with Motorcycle_BigShip and tau = 0.25
0.8810, 0.8830, 0.0000; 0.9072, 0.9090, 0.0000; 0.8685, 0.8680, 0.0000;
 0.8988, 0.9000, 0.0000; 0.9102, 0.9110, 0.0000; 0.8671, 0.8660, 0.0000;
 0.8877, 0.8910, 0.0000; 0.9043, 0.9050, 0.0000; 0.8431, 0.8440, 0.0000;
 0.8843, 0.8880, 0.0000; 0.9063, 0.9070, 0.0000; 0.8574, 0.8540, 0.0000;
 0.8970, 0.8990, 0.0000; 0.9141, 0.9150, 0.0000; 0.8417, 0.8420, 0.0000;
 0.8850, 0.8870, 0.0000; 0.9082, 0.9090, 0.0000; 0.8549, 0.8520, 0.0000;
 0.8887, 0.8900, 0.0000; 0.9028, 0.9040, 0.0000; 0.8625, 0.8600, 0.0000;
 0.8773, 0.8800, 0.0000; 0.9056, 0.9060, 0.0000; 0.8490, 0.8470, 0.0000;
 0.8898, 0.8910, 0.0000; 0.8997, 0.9010, 0.0000; 0.8566, 0.8560, 0.0000;
 0.8882, 0.8900, 0.0000; 0.9078, 0.9080, 0.0000; 0.8551, 0.8560, 0.0000;
 knn-f1 std   knn-acc std   knn-roc std   svm-f1 std    svm-acc std   svm-roc std   j48-f1 std    j48-acc std   j48-roc std
0.8878 0.0062 0.8899 0.0059 0.0000 0.0000 0.9066 0.0038 0.9075 0.0037 0.0000 0.0000 0.8556 0.0086 0.8545 0.0082 0.0000 0.0000 35083.6016
=================================================
StableMIL with Flower_Tree and tau = 0.25
0.8655, 0.8720, 0.0000; 0.8977, 0.8970, 0.0000; 0.8185, 0.8190, 0.0000;
 0.8676, 0.8730, 0.0000; 0.9069, 0.9070, 0.0000; 0.8147, 0.8190, 0.0000;
 0.8847, 0.8890, 0.0000; 0.9153, 0.9150, 0.0000; 0.8133, 0.8140, 0.0000;
 0.8772, 0.8810, 0.0000; 0.9004, 0.9000, 0.0000; 0.8370, 0.8360, 0.0000;
 0.8604, 0.8650, 0.0000; 0.9096, 0.9090, 0.0000; 0.8115, 0.8160, 0.0000;
 0.8786, 0.8820, 0.0000; 0.9026, 0.9020, 0.0000; 0.8123, 0.8110, 0.0000;
 0.8731, 0.8770, 0.0000; 0.9127, 0.9120, 0.0000; 0.8129, 0.8150, 0.0000;
 0.8832, 0.8860, 0.0000; 0.9089, 0.9090, 0.0000; 0.8004, 0.8010, 0.0000;
 0.8503, 0.8560, 0.0000; 0.8934, 0.8940, 0.0000; 0.8160, 0.8160, 0.0000;
 0.8744, 0.8770, 0.0000; 0.9113, 0.9110, 0.0000; 0.8096, 0.8090, 0.0000;
 knn-f1 std   knn-acc std   knn-roc std   svm-f1 std    svm-acc std   svm-roc std   j48-f1 std    j48-acc std   j48-roc std
0.8715 0.0101 0.8758 0.0094 0.0000 0.0000 0.9059 0.0067 0.9056 0.0066 0.0000 0.0000 0.8146 0.0087 0.8156 0.0085 0.0000 0.0000 6672.5328
=================================================
StableMIL with Bird_Ship and tau = 0.25
0.8788, 0.8800, 0.0000; 0.9082, 0.9050, 0.0000; 0.8259, 0.8250, 0.0000;
 0.8867, 0.8850, 0.0000; 0.8942, 0.8900, 0.0000; 0.8410, 0.8450, 0.0000;
 0.8934, 0.8950, 0.0000; 0.9109, 0.9100, 0.0000; 0.8788, 0.8800, 0.0000;
 0.8923, 0.8950, 0.0000; 0.9073, 0.9050, 0.0000; 0.8657, 0.8650, 0.0000;
 0.8945, 0.8950, 0.0000; 0.9010, 0.9000, 0.0000; 0.8400, 0.8400, 0.0000;
 0.8955, 0.8950, 0.0000; 0.8922, 0.8900, 0.0000; 0.8317, 0.8300, 0.0000;
 0.8792, 0.8750, 0.0000; 0.8976, 0.8950, 0.0000; 0.8213, 0.8150, 0.0000;
 0.8832, 0.8850, 0.0000; 0.8976, 0.8950, 0.0000; 0.8317, 0.8300, 0.0000;
 0.9000, 0.9000, 0.0000; 0.9073, 0.9050, 0.0000; 0.8713, 0.8700, 0.0000;
 0.8889, 0.8900, 0.0000; 0.8878, 0.8850, 0.0000; 0.8571, 0.8550, 0.0000;
 knn-f1 std   knn-acc std   knn-roc std   svm-f1 std    svm-acc std   svm-roc std   j48-f1 std    j48-acc std   j48-roc std
0.8893 0.0068 0.8895 0.0076 0.0000 0.0000 0.9004 0.0074 0.8980 0.0078 0.0000 0.0000 0.8464 0.0193 0.8455 0.0203 0.0000 0.0000 1319.7047
=================================================
StableMIL with Church_Illustration and tau = 0.25
1.0000, 1.0000, 0.0000; 0.9950, 0.9950, 0.0000; 0.9652, 0.9650, 0.0000;
 1.0000, 1.0000, 0.0000; 0.9950, 0.9950, 0.0000; 0.9749, 0.9750, 0.0000;
 =================================================
StableMIL with Girl_Field and tau = 0.25
0.9694, 0.9700, 0.0000; 0.9751, 0.9750, 0.0000; 0.9029, 0.9000, 0.0000;
 0.9479, 0.9500, 0.0000; 0.9548, 0.9550, 0.0000; 0.9118, 0.9100, 0.0000;
 0.9588, 0.9600, 0.0000; 0.9700, 0.9700, 0.0000; 0.9447, 0.9450, 0.0000;
 0.9375, 0.9400, 0.0000; 0.9700, 0.9700, 0.0000; 0.9347, 0.9350, 0.0000;
 0.9534, 0.9550, 0.0000; 0.9749, 0.9750, 0.0000; 0.9118, 0.9100, 0.0000;
 0.9479, 0.9500, 0.0000; 0.9749, 0.9750, 0.0000; 0.9254, 0.9250, 0.0000;
 0.9641, 0.9650, 0.0000; 0.9849, 0.9850, 0.0000; 0.8844, 0.8850, 0.0000;
 0.9641, 0.9650, 0.0000; 0.9652, 0.9650, 0.0000; 0.9062, 0.9100, 0.0000;
 0.9479, 0.9500, 0.0000; 0.9800, 0.9800, 0.0000; 0.8990, 0.9000, 0.0000;
 0.9534, 0.9550, 0.0000; 0.9751, 0.9750, 0.0000; 0.9447, 0.9450, 0.0000;
 knn-f1 std   knn-acc std   knn-roc std   svm-f1 std    svm-acc std   svm-roc std   j48-f1 std    j48-acc std   j48-roc std
0.9544 0.0092 0.9560 0.0086 0.0000 0.0000 0.9725 0.0078 0.9725 0.0078 0.0000 0.0000 0.9166 0.0192 0.9165 0.0192 0.0000 0.0000 1243.2401
=================================================
StableMIL with Hall_Beads and tau = 0.25
0.8105, 0.8200, 0.0000; 0.8128, 0.8250, 0.0000; 0.8000, 0.8050, 0.0000;
 0.8061, 0.8100, 0.0000; 0.8197, 0.8350, 0.0000; 0.8529, 0.8500, 0.0000;
 0.7789, 0.7900, 0.0000; 0.8108, 0.8250, 0.0000; 0.7864, 0.7800, 0.0000;
 0.7958, 0.8050, 0.0000; 0.8132, 0.8300, 0.0000; 0.7732, 0.7800, 0.0000;
 0.8128, 0.8250, 0.0000; 0.8087, 0.8250, 0.0000; 0.8241, 0.8250, 0.0000;
 0.7795, 0.7850, 0.0000; 0.8065, 0.8200, 0.0000; 0.8020, 0.8050, 0.0000;
 0.8000, 0.8100, 0.0000; 0.8000, 0.8200, 0.0000; 0.8060, 0.8050, 0.0000;
 0.8105, 0.8200, 0.0000; 0.8022, 0.8200, 0.0000; 0.8000, 0.8000, 0.0000;
 0.7937, 0.8050, 0.0000; 0.7978, 0.8150, 0.0000; 0.7647, 0.7600, 0.0000;
 0.8272, 0.8350, 0.0000; 0.8087, 0.8250, 0.0000; 0.8283, 0.8300, 0.0000;
 knn-f1 std   knn-acc std   knn-roc std   svm-f1 std    svm-acc std   svm-roc std   j48-f1 std    j48-acc std   j48-roc std
0.8015 0.0144 0.8105 0.0146 0.0000 0.0000 0.8080 0.0063 0.8240 0.0054 0.0000 0.0000 0.8038 0.0250 0.8040 0.0252 0.0000 0.0000 1280.1815
=================================================
StableMIL with Motorcycle_People and tau = 0.25
0.6786, 0.7300, 0.0000; 0.8191, 0.8300, 0.0000; 0.7426, 0.7400, 0.0000;
 0.6988, 0.7500, 0.0000; 0.8066, 0.8250, 0.0000; 0.7164, 0.7150, 0.0000;
 0.7093, 0.7500, 0.0000; 0.8065, 0.8200, 0.0000; 0.7488, 0.7450, 0.0000;
 0.7305, 0.7750, 0.0000; 0.8261, 0.8400, 0.0000; 0.7783, 0.7750, 0.0000;
 0.6625, 0.7300, 0.0000; 0.7957, 0.8100, 0.0000; 0.7234, 0.7400, 0.0000;
 0.6746, 0.7250, 0.0000; 0.7692, 0.7900, 0.0000; 0.7216, 0.7300, 0.0000;
 0.6545, 0.7150, 0.0000; 0.7624, 0.7850, 0.0000; 0.7576, 0.7600, 0.0000;
 0.7024, 0.7500, 0.0000; 0.7458, 0.7750, 0.0000; 0.7379, 0.7300, 0.0000;
 0.6667, 0.7150, 0.0000; 0.7514, 0.7750, 0.0000; 0.7565, 0.7650, 0.0000;
 0.6867, 0.7400, 0.0000; 0.8021, 0.8150, 0.0000; 0.7220, 0.7150, 0.0000;
 knn-f1 std   knn-acc std   knn-roc std   svm-f1 std    svm-acc std   svm-roc std   j48-f1 std    j48-acc std   j48-roc std
0.6865 0.0225 0.7380 0.0178 0.0000 0.0000 0.7885 0.0274 0.8065 0.0224 0.0000 0.0000 0.7405 0.0190 0.7415 0.0192 0.0000 0.0000 1328.9502
=================================================
StableMIL with Poster_Molecular and tau = 0.25
0.8280, 0.8400, 0.0000; 0.8466, 0.8550, 0.0000; 0.7822, 0.7800, 0.0000;
 0.7933, 0.8150, 0.0000; 0.8482, 0.8550, 0.0000; 0.7440, 0.7350, 0.0000;
 0.8000, 0.8200, 0.0000; 0.8316, 0.8400, 0.0000; 0.7437, 0.7450, 0.0000;
 0.7797, 0.8050, 0.0000; 0.8168, 0.8250, 0.0000; 0.8137, 0.8100, 0.0000;
 0.8287, 0.8450, 0.0000; 0.8148, 0.8250, 0.0000; 0.7562, 0.7550, 0.0000;
 0.8068, 0.8300, 0.0000; 0.8042, 0.8150, 0.0000; 0.8000, 0.7950, 0.0000;
 0.8617, 0.8700, 0.0000; 0.8360, 0.8450, 0.0000; 0.7900, 0.7900, 0.0000;
 0.8043, 0.8200, 0.0000; 0.8280, 0.8400, 0.0000; 0.8077, 0.8000, 0.0000;
 0.8261, 0.8400, 0.0000; 0.8280, 0.8400, 0.0000; 0.7900, 0.7900, 0.0000;
 0.8000, 0.8150, 0.0000; 0.8235, 0.8350, 0.0000; 0.7475, 0.7500, 0.0000;
 knn-f1 std   knn-acc std   knn-roc std   svm-f1 std    svm-acc std   svm-roc std   j48-f1 std    j48-acc std   j48-roc std
0.8129 0.0223 0.8300 0.0182 0.0000 0.0000 0.8278 0.0131 0.8375 0.0123 0.0000 0.0000 0.7775 0.0259 0.7750 0.0250 0.0000 0.0000 1143.2151
=================================================
StableMIL with Rhino_Bikini and tau = 0.25
0.8743, 0.8850, 0.0000; 0.9340, 0.9350, 0.0000; 0.8800, 0.8800, 0.0000;
 0.8925, 0.9000, 0.0000; 0.9500, 0.9500, 0.0000; 0.8788, 0.8800, 0.0000;
 0.8913, 0.9000, 0.0000; 0.9394, 0.9400, 0.0000; 0.8832, 0.8850, 0.0000;
 0.8973, 0.9050, 0.0000; 0.9447, 0.9450, 0.0000; 0.8673, 0.8700, 0.0000;
 0.8696, 0.8800, 0.0000; 0.9495, 0.9500, 0.0000; 0.8410, 0.8450, 0.0000;
 0.8804, 0.8900, 0.0000; 0.9548, 0.9550, 0.0000; 0.8889, 0.8900, 0.0000;
 0.8770, 0.8850, 0.0000; 0.9340, 0.9350, 0.0000; 0.9091, 0.9100, 0.0000;
 0.8913, 0.9000, 0.0000; 0.9406, 0.9400, 0.0000; 0.8788, 0.8800, 0.0000;
 0.9032, 0.9100, 0.0000; 0.9490, 0.9500, 0.0000; 0.8808, 0.8850, 0.0000;
 0.8865, 0.8950, 0.0000; 0.9548, 0.9550, 0.0000; 0.8966, 0.8950, 0.0000;
 knn-f1 std   knn-acc std   knn-roc std   svm-f1 std    svm-acc std   svm-roc std   j48-f1 std    j48-acc std   j48-roc std
0.8863 0.0102 0.8950 0.0092 0.0000 0.0000 0.9451 0.0074 0.9455 0.0072 0.0000 0.0000 0.8805 0.0170 0.8820 0.0160 0.0000 0.0000 1445.9405
=================================================
StableMIL with Tennis_Flower and tau = 0.25
0.9053, 0.9100, 0.0000; 0.9340, 0.9350, 0.0000; 0.8687, 0.8700, 0.0000;
 0.9271, 0.9300, 0.0000; 0.9340, 0.9350, 0.0000; 0.8657, 0.8650, 0.0000;
 0.9101, 0.9150, 0.0000; 0.9340, 0.9350, 0.0000; 0.8317, 0.8300, 0.0000;
 0.9158, 0.9200, 0.0000; 0.9394, 0.9400, 0.0000; 0.8788, 0.8800, 0.0000;
 0.9053, 0.9100, 0.0000; 0.9347, 0.9350, 0.0000; 0.8744, 0.8750, 0.0000;
 0.9053, 0.9100, 0.0000; 0.9231, 0.9250, 0.0000; 0.8515, 0.8500, 0.0000;
 0.9158, 0.9200, 0.0000; 0.9381, 0.9400, 0.0000; 0.8473, 0.8450, 0.0000;
 0.9175, 0.9200, 0.0000; 0.9394, 0.9400, 0.0000; 0.8713, 0.8700, 0.0000;
 0.9053, 0.9100, 0.0000; 0.9286, 0.9300, 0.0000; 0.8986, 0.8950, 0.0000;
 0.9271, 0.9300, 0.0000; 0.9442, 0.9450, 0.0000; 0.8571, 0.8550, 0.0000;
 knn-f1 std   knn-acc std   knn-roc std   svm-f1 std    svm-acc std   svm-roc std   j48-f1 std    j48-acc std   j48-roc std
0.9134 0.0082 0.9175 0.0075 0.0000 0.0000 0.9349 0.0056 0.9360 0.0054 0.0000 0.0000 0.8645 0.0177 0.8635 0.0179 0.0000 0.0000 1271.2676
=================================================
StableMIL with Texture_Car and tau = 0.25
0.8763, 0.8800, 0.0000; 0.8737, 0.8800, 0.0000; 0.9045, 0.9050, 0.0000;
 0.8912, 0.8950, 0.0000; 0.8889, 0.8950, 0.0000; 0.8889, 0.8900, 0.0000;
 0.8808, 0.8850, 0.0000; 0.8995, 0.9050, 0.0000; 0.8586, 0.8600, 0.0000;
 0.8660, 0.8700, 0.0000; 0.8936, 0.9000, 0.0000; 0.9239, 0.9250, 0.0000;
 0.8821, 0.8850, 0.0000; 0.8925, 0.9000, 0.0000; 0.9146, 0.9150, 0.0000;
 0.8889, 0.8900, 0.0000; 0.8936, 0.9000, 0.0000; 0.8780, 0.8750, 0.0000;
 0.8821, 0.8850, 0.0000; 0.8495, 0.8600, 0.0000; 0.9010, 0.9000, 0.0000;
 0.8571, 0.8600, 0.0000; 0.8783, 0.8850, 0.0000; 0.8683, 0.8650, 0.0000;
 0.8808, 0.8850, 0.0000; 0.8370, 0.8500, 0.0000; 0.8824, 0.8800, 0.0000;
 0.8542, 0.8600, 0.0000; 0.8830, 0.8900, 0.0000; 0.8725, 0.8700, 0.0000;
 knn-f1 std   knn-acc std   knn-roc std   svm-f1 std    svm-acc std   svm-roc std   j48-f1 std    j48-acc std   j48-roc std
0.8759 0.0120 0.8795 0.0115 0.0000 0.0000 0.8789 0.0195 0.8865 0.0175 0.0000 0.0000 0.8893 0.0201 0.8885 0.0210 0.0000 0.0000 1262.6458

[[88.37, 0.98, 90.04, 0.74, 92.54, 0.94, 89.04, 0.83, 93.55, 1.17, 91.59, 1.35, 95.32, 0.78, 94.89, 1.26, 95.02, 0.83],
 [94.79, 0.76, 100.0, 0.00, 97.56, 0.77, 94.44, 0.45, 95.41, 0.35, 94.17, 0.65, 91.61, 0.99, 95.60, 0.96, 95.13, 0.84],
 [96.17, 0.54, 97.25, 0.78, 96.39, 0.54, 96.77, 1.26, 98.62, 0.34, 95.82, 0.68, 98.29, 0.65, 98.70, 0.37, 98.49, 0.65],
 [77.88, 1.49, 86.64, 0.77, 88.84, 1.39, 76.92, 2.10, 88.13, 1.40, 86.40, 2.18, 89.84, 1.78, 89.07, 1.70, 88.92, 1.25],
 [87.70, 0.97, 80.80, 0.54, 87.53, 1.53, 83.99, 2.99, 88.78, 1.14, 91.45, 1.53, 86.13, 1.26, 87.65, 0.58, 86.56, 1.03],
 [75.91, 2.29, 78.85, 2.74, 81.27, 0.85, 73.93, 1.69, 83.16, 1.60, 85.35, 1.54, 85.44, 1.33, 85.38, 1.47, 85.47, 0.97],
 [92.96, 1.13, 82.78, 1.31, 90.64, 1.09, 95.42, 1.02, 99.54, 0.08, 99.65, 0.25, 99.83, 0.22, 100.0, 0.00, 99.86, 0.29],
 [83.83, 1.62, 94.51, 0.74, 97.30, 0.50, 85.20, 2.46, 96.18, 0.50, 94.79, 0.53, 96.98, 0.96, 96.31, 0.46, 96.34, 0.77],
 [93.62, 0.70, 93.49, 0.56, 93.48, 1.05, 93.07, 0.78, 93.90, 0.44, 90.15, 1.13, 95.79, 1.00, 95.38, 1.21, 95.24, 1.00],
 [96.23, 0.51, 88.93, 2.01, 95.42, 0.39, 94.26, 0.94, 94.22, 0.71, 96.36, 0.67, 95.51, 0.99, 95.66, 1.09, 95.28, 0.77],
 [84.84, 0.46, 86.74, 0.62, 86.16, 0.28, 77.94, 0.63, 89.33, 0.59, 79.47, 0.29, 89.69, 0.65, 90.30, 0.88, 89.61, 0.60],
 [85.06, 0.40, 85.87, 0.40, 85.34, 0.25, 85.63, 0.61, 88.05, 0.40, 83.81, 0.48, 88.57, 0.60, 88.38, 0.45, 88.01, 0.72],
 [97.59, 0.36, 91.92, 0.45, 95.70, 0.22, 93.75, 0.82, 95.19, 0.31, 94.31, 0.21, 95.67, 0.31, 95.78, 0.50, 95.82, 0.52],
 [65.30, 0.65, 83.72, 1.41, 78.18, 0.38, 71.84, 0.96, 92.03, 0.57, 83.89, 0.54, 86.48, 0.78, 87.23, 0.69, 86.73, 0.99],
 [69.85, 0.44, 94.05, 0.26, 73.23, 0.32, 74.96, 0.72, 75.31, 0.67, 71.40, 0.88, 75.82, 1.30, 77.77, 0.60, 76.49, 0.48],
 [84.89, 0.21, 90.59, 0.67, 94.59, 0.33, 83.48, 0.86, 95.11, 0.26, 80.41, 0.62, 95.05, 0.60, 94.83, 0.46, 94.59, 0.54],
 [96.00, 0.18, 93.20, 1.25, 97.99, 0.18, 90.41, 0.94, 98.41, 0.18, 98.45, 0.10, 98.63, 0.23, 98.60, 0.29, 98.59, 0.16],
 [85.78, 0.58, 93.55, 0.46, 91.15, 0.40, 85.60, 0.86, 94.71, 0.29, 80.72, 0.33, 94.84, 0.68, 95.03, 0.71, 94.60, 0.45],
 [75.03, 0.63, 84.06, 0.76, 81.96, 0.33, 79.24, 0.62, 87.50, 0.49, 82.10, 0.50, 87.23, 0.88, 86.30, 1.00, 85.78, 0.84],
 [92.30, 0.26, 90.66, 0.38, 92.87, 0.17, 90.35, 0.34, 91.14, 0.37, 87.06, 0.33, 92.97, 0.33, 92.71, 0.34, 92.45, 0.51]]